10526	-36.871900	174.693080
10518	-36.871780	174.693510
10845	-36.872000	174.699370
10998	-36.875890	174.702010
11026	-36.878590	174.702480
11053	-36.872390	174.702910
32377	-36.874040	174.703060
11079	-36.876900	174.703320
11127	-36.874790	174.704570
11143	-36.871100	174.704630
42319	-36.872670	174.704740
11159	-36.871940	174.705010
11157	-36.872600	174.705150
11172	-36.871490	174.705210
42320	-36.872970	174.705260
40842	-36.873420	174.705270
11199	-36.872370	174.705930
11253	-36.872030	174.706860
11306	-36.871230	174.707870
11399	-36.871570	174.709090
42321	-36.871040	174.709350
11414	-36.869600	174.709670
11431	-36.870800	174.709820
11428	-36.871210	174.709850
11430	-36.864260	174.709850
11468	-36.870540	174.710400
11481	-36.863460	174.710660
11538	-36.867990	174.711240
11565	-36.869970	174.711560
11558	-36.864660	174.711560
11602	-36.867450	174.712310
11607	-36.869560	174.712410
11617	-36.864130	174.712610
11657	-36.863250	174.713210
11666	-36.866940	174.713300
11656	-36.863290	174.713390
11700	-36.869040	174.713510
11741	-36.866420	174.714410
11782	-36.868720	174.714670
32583	-36.865310	174.714670
11788	-36.864620	174.714990
11877	-36.865650	174.715940
11909	-36.867710	174.716530
11948	-36.868290	174.716730
11959	-36.874660	174.717110
11986	-36.866960	174.717480
11987	-36.866020	174.717480
12015	-36.873960	174.717830
12025	-36.882280	174.717890
12046	-36.861940	174.718230
32799	-36.866960	174.718320
32804	-36.866040	174.718320
32807	-36.879430	174.718550
38947	-36.886120	174.718610
12109	-36.881250	174.718750
38946	-36.886280	174.718810
12110	-36.883830	174.718900
12112	-36.887760	174.718990
12126	-36.867930	174.718990
12133	-36.876340	174.719170
12159	-36.878660	174.719390
12161	-36.876170	174.719390
32818	-36.877540	174.719480
12167	-36.886740	174.719540
12198	-36.875820	174.719710
12209	-36.886960	174.719800
12197	-36.882000	174.719860
12196	-36.880140	174.719890
40998	-36.877710	174.720000
12222	-36.875460	174.720070
32817	-36.877860	174.720120
12223	-36.884670	174.720150
32819	-36.877050	174.720230
12257	-36.879490	174.720590
41000	-36.876400	174.720590
40999	-36.876510	174.720730
12281	-36.874750	174.720790
32797	-36.859390	174.720850
32820	-36.883930	174.721020
12293	-36.887770	174.721050
12284	-36.885290	174.721050
12282	-36.879070	174.721050
12324	-36.868700	174.721130
12306	-36.883030	174.721370
12307	-36.878720	174.721370
12339	-36.876960	174.721450
12371	-36.884600	174.721750
12370	-36.883250	174.721750
12372	-36.888870	174.721810
12384	-36.881420	174.721810
12368	-36.860050	174.721810
12420	-36.888530	174.722180
12408	-36.877930	174.722210
12406	-36.874820	174.722210
12450	-36.881190	174.722440
12440	-36.877670	174.722500
12439	-36.883830	174.722530
12443	-36.886320	174.722560
32816	-36.875290	174.723110
12488	-36.885650	174.723290
12485	-36.881720	174.723290
12493	-36.858940	174.723400
12505	-36.882610	174.723600
12513	-36.880800	174.723600
12504	-36.871860	174.723600
12533	-36.882160	174.723920
12556	-36.889920	174.723980
12532	-36.862600	174.724090
12558	-36.860120	174.724090
12534	-36.884860	174.724130
32808	-36.877130	174.724270
42723	-36.861360	174.724380
43021	-36.879580	174.724440
12606	-36.872950	174.724450
32805	-36.883200	174.724500
12605	-36.872260	174.724500
12604	-36.859730	174.724590
32806	-36.876510	174.724670
42726	-36.861530	174.724670
42724	-36.861340	174.724700
42725	-36.861490	174.724760
42721	-36.861640	174.724880
12646	-36.877600	174.724970
12645	-36.862930	174.724990
40995	-36.875200	174.725060
12649	-36.861750	174.725080
40993	-36.873350	174.725250
12684	-36.880240	174.725310
12708	-36.875630	174.725490
12685	-36.872480	174.725490
12719	-36.873440	174.725520
33089	-36.870440	174.725640
40994	-36.874900	174.725670
37368	-36.868720	174.725670
12722	-36.862030	174.725670
12717	-36.869170	174.725750
12729	-36.868160	174.725830
40996	-36.874560	174.725960
12810	-36.879710	174.726250
41001	-36.876210	174.726360
41002	-36.882350	174.726390
12797	-36.881300	174.726450
33098	-36.876700	174.726450
12847	-36.872480	174.726560
12846	-36.870780	174.726560
9380	-36.879430	174.726650
12850	-36.874560	174.726650
38558	-36.862410	174.726650
12849	-36.875720	174.726770
12862	-36.879280	174.726880
12848	-36.870200	174.726880
12895	-36.860200	174.726880
12896	-36.877670	174.727030
43143	-36.886870	174.727230
12926	-36.861640	174.727310
33087	-36.858890	174.727310
12929	-36.871190	174.727340
12930	-36.877560	174.727350
12928	-36.869230	174.727350
41003	-36.886960	174.727840
13012	-36.878550	174.727950
13004	-36.860980	174.728040
13011	-36.878360	174.728250
33099	-36.875460	174.728250
41540	-36.857150	174.728250
42332	-36.867780	174.728600
41542	-36.857630	174.728850
13076	-36.867580	174.728970
41543	-36.857730	174.729000
13096	-36.869000	174.729090
42331	-36.867930	174.729090
33110	-36.887050	174.729110
13099	-36.888080	174.729150
13108	-36.867480	174.729180
9637	-36.877700	174.729230
13125	-36.861430	174.729410
39876	-36.867300	174.729430
41004	-36.887130	174.729500
13126	-36.858120	174.729520
13166	-36.869260	174.729730
13178	-36.863510	174.729760
13177	-36.877280	174.729840
37266	-36.883460	174.729870
13167	-36.876080	174.729870
33093	-36.868830	174.729870
13165	-36.855420	174.729870
993164	-36.878910	174.729900
33100	-36.882450	174.729990
13223	-36.868610	174.730050
13204	-36.864840	174.730050
13220	-36.856550	174.730160
13207	-36.886280	174.730190
13206	-36.880740	174.730190
13205	-36.865610	174.730270
13221	-36.857580	174.730300
33113	-36.885610	174.730310
13262	-36.858490	174.730340
33102	-36.875270	174.730370
37409	-36.867480	174.730420
13250	-36.861770	174.730420
13249	-36.864660	174.730450
13261	-36.881140	174.730570
13251	-36.866450	174.730570
13289	-36.870650	174.730680
13300	-36.863100	174.730680
13291	-36.878120	174.730740
13288	-36.869690	174.730770
13298	-36.858720	174.730800
13287	-36.859730	174.731000
13299	-36.858810	174.731000
13322	-36.875460	174.731060
13320	-36.868610	174.731090
33092	-36.874380	174.731170
13319	-36.869880	174.731170
33097	-36.867820	174.731270
13332	-36.867430	174.731270
13357	-36.879790	174.731430
13366	-36.882620	174.731640
33086	-36.861510	174.731640
13356	-36.868680	174.731670
13370	-36.859170	174.731670
13400	-36.871120	174.731750
13398	-36.862560	174.731840
13401	-36.874620	174.731990
13399	-36.873480	174.731990
13443	-36.889450	174.732050
13456	-36.875780	174.732110
13459	-36.859410	174.732110
13439	-36.866680	174.732220
13440	-36.868740	174.732250
33091	-36.868530	174.732250
33096	-36.867990	174.732250
13441	-36.867430	174.732250
13442	-36.888720	174.732280
13437	-36.863720	174.732390
13451	-36.883870	174.732430
13485	-36.887800	174.732570
13482	-36.872600	174.732570
13497	-36.859750	174.732570
41647	-36.859690	174.732570
13498	-36.859990	174.732630
13483	-36.878810	174.732690
13528	-36.887320	174.732740
13526	-36.860720	174.732750
13527	-36.886810	174.732910
13539	-36.868080	174.732970
33088	-36.863440	174.732970
13542	-36.862070	174.733010
13582	-36.881320	174.733090
13579	-36.871730	174.733150
13581	-36.865720	174.733150
13586	-36.887430	174.733270
13580	-36.868850	174.733380
13588	-36.867430	174.733410
13607	-36.859190	174.733550
13612	-36.889770	174.733640
13610	-36.880650	174.733700
13609	-36.870890	174.733700
13608	-36.873590	174.733730
13654	-36.884190	174.733850
13653	-36.879240	174.733960
33103	-36.881720	174.734050
13703	-36.867410	174.734110
33095	-36.866360	174.734110
33101	-36.875890	174.734220
13699	-36.875050	174.734220
13682	-36.864750	174.734220
13687	-36.877600	174.734280
13685	-36.876300	174.734280
13689	-36.887650	174.734310
13686	-36.879920	174.734390
13683	-36.864770	174.734430
13724	-36.859110	174.734490
33090	-36.867990	174.734540
13726	-36.859900	174.734540
13740	-36.867410	174.734570
13727	-36.879410	174.734600
13725	-36.860570	174.734600
33094	-36.865570	174.734690
13756	-36.871020	174.734800
13774	-36.862200	174.734800
13758	-36.885950	174.734860
13773	-36.853870	174.735010
13814	-36.880100	174.735180
13782	-36.877820	174.735210
33355	-36.866490	174.735210
13824	-36.862350	174.735210
13812	-36.877650	174.735290
13811	-36.865630	174.735290
13813	-36.884470	174.735330
13810	-36.873660	174.735380
13809	-36.856600	174.735380
13781	-36.869000	174.735470
33347	-36.858210	174.735470
33354	-36.868530	174.735530
13845	-36.859050	174.735590
13846	-36.860500	174.735700
13849	-36.881810	174.735790
13874	-36.875850	174.735870
13884	-36.873930	174.735870
33364	-36.882650	174.735910
13876	-36.880270	174.736050
13877	-36.880140	174.736050
13886	-36.867370	174.736050
13878	-36.879730	174.736110
13875	-36.875140	174.736110
13921	-36.867240	174.736170
33350	-36.855550	174.736170
13914	-36.862050	174.736190
13917	-36.854280	174.736190
13920	-36.869170	174.736230
13924	-36.879340	174.736280
13922	-36.874580	174.736280
33357	-36.866530	174.736280
13923	-36.877820	174.736290
13919	-36.873080	174.736290
13915	-36.856430	174.736400
13916	-36.857150	174.736490
13918	-36.856860	174.736490
13972	-36.873760	174.736550
13958	-36.857500	174.736550
13960	-36.865800	174.736600
13959	-36.865050	174.736600
13961	-36.869670	174.736630
13957	-36.858960	174.736690
13962	-36.878460	174.736750
14000	-36.860420	174.736860
14002	-36.876700	174.736920
14003	-36.889190	174.737090
992996	-36.863520	174.737120
33359	-36.866210	174.737180
992997	-36.863470	174.737180
33367	-36.883890	174.737270
14038	-36.861730	174.737270
14044	-36.875370	174.737330
14054	-36.864300	174.737330
14039	-36.854840	174.737380
14053	-36.854690	174.737380
33366	-36.879580	174.737440
14040	-36.855480	174.737440
14043	-36.865140	174.737450
14042	-36.856360	174.737530
14076	-36.872990	174.737590
14090	-36.887410	174.737650
14085	-36.871470	174.737650
14086	-36.870630	174.737650
33351	-36.857460	174.737650
14087	-36.869690	174.737710
37408	-36.868660	174.737760
14077	-36.875070	174.737820
14125	-36.886620	174.737930
14126	-36.886340	174.738020
14115	-36.860330	174.738020
14117	-36.881660	174.738080
14116	-36.862880	174.738080
14153	-36.876980	174.738230
14167	-36.873510	174.738250
37407	-36.872310	174.738250
14151	-36.861380	174.738290
14150	-36.864620	174.738340
14165	-36.866490	174.738350
14168	-36.885120	174.738400
14154	-36.876100	174.738510
14206	-36.856280	174.738660
14197	-36.884190	174.738690
14207	-36.854860	174.738800
14196	-36.853550	174.738870
14256	-36.858790	174.738930
14243	-36.862330	174.738980
43400	-36.855350	174.739040
14239	-36.854800	174.739090
43401	-36.855500	174.739120
14245	-36.882800	174.739130
14244	-36.864070	174.739190
14287	-36.855870	174.739240
14276	-36.881940	174.739410
14275	-36.865780	174.739450
14274	-36.861250	174.739450
14286	-36.856210	174.739450
14334	-36.881040	174.739710
14315	-36.861770	174.739820
14326	-36.856490	174.739820
14360	-36.880240	174.739940
14361	-36.880160	174.739990
14357	-36.858720	174.740080
14349	-36.863510	174.740090
33348	-36.859240	174.740140
14353	-36.866790	174.740170
33346	-36.862150	174.740230
14356	-36.860160	174.740230
14392	-36.879280	174.740290
14390	-36.865230	174.740350
14391	-36.878380	174.740570
14427	-36.877540	174.740870
14455	-36.862950	174.740980
14469	-36.857150	174.741040
14465	-36.872970	174.741070
14470	-36.872370	174.741070
14473	-36.871550	174.741100
33349	-36.861600	174.741100
14472	-36.870720	174.741130
14471	-36.869750	174.741190
14457	-36.866420	174.741190
14467	-36.858640	174.741190
41014	-36.876660	174.741210
14456	-36.864660	174.741210
37406	-36.869190	174.741240
14468	-36.854580	174.741250
41015	-36.876490	174.741280
14497	-36.884730	174.741330
14507	-36.860080	174.741360
14509	-36.855270	174.741360
14514	-36.875670	174.741450
14515	-36.875350	174.741560
33361	-36.883910	174.741570
14508	-36.860650	174.741650
14539	-36.887110	174.741770
14549	-36.874620	174.741770
14535	-36.862370	174.741830
33352	-36.867240	174.741880
41274	-36.885890	174.742140
14571	-36.864110	174.742140
14588	-36.857090	174.742140
40793	-36.861110	174.742200
14572	-36.866080	174.742230
14587	-36.858570	174.742290
14619	-36.885930	174.742350
14616	-36.882540	174.742350
14614	-36.862010	174.742440
14632	-36.860010	174.742460
14615	-36.881660	174.742630
14618	-36.885010	174.742670
40792	-36.861810	174.742780
33365	-36.878780	174.742810
14659	-36.865890	174.742840
14655	-36.880780	174.742900
14668	-36.873340	174.742950
14653	-36.863550	174.742990
14693	-36.883640	174.743100
14692	-36.879840	174.743190
14707	-36.865740	174.743310
14745	-36.882750	174.743360
41363	-36.856990	174.743360
14710	-36.855520	174.743360
14758	-36.858490	174.743420
14750	-36.886170	174.743450
14761	-36.856230	174.743450
14760	-36.854410	174.743450
14747	-36.878980	174.743480
14759	-36.855090	174.743530
41362	-36.856960	174.743600
33360	-36.878570	174.743620
14748	-36.885630	174.743630
14763	-36.865630	174.743630
14757	-36.861250	174.743680
33362	-36.877800	174.743770
14794	-36.867670	174.743770
14809	-36.859640	174.743770
14793	-36.862990	174.743890
14797	-36.884750	174.743940
14795	-36.877110	174.744000
33353	-36.868200	174.744030
14897	-36.872690	174.744410
14887	-36.856920	174.744410
14880	-36.865390	174.744460
14889	-36.869350	174.744470
14875	-36.881020	174.744520
14898	-36.872670	174.744530
14888	-36.867390	174.744530
14885	-36.860720	174.744530
14886	-36.858400	174.744530
14796	-36.883010	174.744580
33358	-36.872450	174.744580
14890	-36.869710	174.744580
14930	-36.870480	174.744790
37405	-36.867860	174.744790
14908	-36.863940	174.744790
14907	-36.862430	174.744790
14928	-36.859320	174.744840
14838	-36.882050	174.744870
14929	-36.871190	174.744930
14927	-36.871900	174.745050
14957	-36.877370	174.745190
14966	-36.852950	174.745250
33566	-36.866580	174.745370
14968	-36.867110	174.745420
14962	-36.865030	174.745420
14967	-36.853460	174.745420
15023	-36.860140	174.745450
33583	-36.877990	174.745510
33560	-36.865800	174.745510
15025	-36.856830	174.745510
15007	-36.863380	174.745680
15006	-36.861880	174.745680
15024	-36.858310	174.745680
15026	-36.854170	174.745740
15008	-36.877200	174.745770
40726	-36.867990	174.745830
15066	-36.876570	174.745890
15075	-36.858980	174.745890
15067	-36.876250	174.746000
15076	-36.854900	174.746060
15065	-36.881360	174.746120
15099	-36.875410	174.746260
33559	-36.867740	174.746260
15104	-36.864750	174.746260
15110	-36.855290	174.746260
15108	-36.853030	174.746270
15107	-36.859580	174.746320
33556	-36.868680	174.746350
15098	-36.880520	174.746410
15162	-36.855800	174.746470
15149	-36.865440	174.746580
15147	-36.861320	174.746580
15150	-36.874020	174.746640
15151	-36.868870	174.746640
15152	-36.879660	174.746670
15148	-36.857440	174.746730
15161	-36.856340	174.746730
33356	-36.870830	174.746790
15203	-36.872440	174.746850
15185	-36.858230	174.746850
15200	-36.852760	174.746850
15186	-36.866040	174.746900
15196	-36.864340	174.746900
15184	-36.858660	174.746930
15199	-36.854520	174.746960
15204	-36.871570	174.747050
15236	-36.864150	174.747160
15226	-36.866680	174.747220
15224	-36.859050	174.747220
15227	-36.875630	174.747250
15240	-36.856750	174.747310
15222	-36.856150	174.747310
15225	-36.867350	174.747370
15239	-36.853400	174.747370
15223	-36.860760	174.747480
15275	-36.886470	174.747570
33563	-36.868060	174.747570
15270	-36.878420	174.747630
15265	-36.856040	174.747630
15267	-36.874240	174.747690
15274	-36.863700	174.747690
15268	-36.873830	174.747800
15277	-36.871170	174.747800
15276	-36.885590	174.747830
15266	-36.864710	174.747830
15312	-36.863570	174.747860
41364	-36.854090	174.747860
15306	-36.877590	174.747890
15304	-36.857670	174.747890
15317	-36.858160	174.747950
41365	-36.854020	174.747970
15313	-36.885120	174.748010
15316	-36.858490	174.748120
15305	-36.876720	174.748150
33575	-36.871510	174.748150
33573	-36.867690	174.748270
15360	-36.857260	174.748270
15343	-36.855830	174.748270
15355	-36.884220	174.748320
15344	-36.860200	174.748380
15347	-36.875870	174.748440
15345	-36.865230	174.748470
33546	-36.863060	174.748470
15410	-36.883460	174.748530
15413	-36.870140	174.748530
15394	-36.868960	174.748590
15392	-36.864130	174.748590
15409	-36.862970	174.748590
15393	-36.858180	174.748640
15187	-36.882840	174.748730
33581	-36.878720	174.748790
15412	-36.882560	174.748850
15395	-36.874620	174.748850
33561	-36.867200	174.748850
15459	-36.881980	174.749020
15448	-36.863330	174.749020
15450	-36.872350	174.749050
15451	-36.865720	174.749110
15460	-36.869540	174.749170
15458	-36.862500	174.749170
15449	-36.857760	174.749170
15508	-36.881360	174.749220
33569	-36.870740	174.749220
15493	-36.864650	174.749220
15514	-36.859690	174.749220
33550	-36.862430	174.749260
15495	-36.868570	174.749280
15509	-36.881130	174.749310
15494	-36.863550	174.749310
15497	-36.877010	174.749370
33567	-36.866640	174.749370
15504	-36.857410	174.749370
33576	-36.866000	174.749430
15496	-36.872730	174.749450
15492	-36.851600	174.749450
15507	-36.866130	174.749460
15510	-36.880560	174.749490
15549	-36.880290	174.749570
15557	-36.866260	174.749570
15538	-36.863760	174.749570
15537	-36.862860	174.749600
15541	-36.876080	174.749690
15555	-36.856680	174.749750
15540	-36.865140	174.749810
15550	-36.879410	174.749860
15539	-36.864040	174.749890
15551	-36.879240	174.749920
15588	-36.875310	174.749920
33557	-36.866130	174.749920
15585	-36.871920	174.750070
15586	-36.868270	174.750070
15597	-36.861790	174.750120
15584	-36.864240	174.750130
15598	-36.859110	174.750130
15587	-36.873420	174.750180
15583	-36.863310	174.750180
15627	-36.878100	174.750270
15619	-36.871000	174.750380
15626	-36.861560	174.750380
15629	-36.868960	174.750470
15617	-36.855120	174.750500
37404	-36.865630	174.750530
15618	-36.864560	174.750530
15628	-36.877240	174.750560
33555	-36.864610	174.750610
15658	-36.873960	174.750710
15657	-36.870380	174.750760
15651	-36.863760	174.750760
15650	-36.861900	174.750790
15672	-36.858660	174.750820
15671	-36.854390	174.750850
15655	-36.868060	174.750910
15670	-36.861120	174.750910
15685	-36.875980	174.750970
33553	-36.864070	174.751140
15686	-36.884040	174.751170
15700	-36.868740	174.751190
33562	-36.865240	174.751230
33549	-36.855570	174.751280
15730	-36.862350	174.751340
15759	-36.860780	174.751340
33568	-36.874560	174.751430
15731	-36.883120	174.751490
15802	-36.873790	174.751690
15806	-36.868610	174.751690
15801	-36.860500	174.751690
15786	-36.867800	174.751810
41995	-36.874640	174.751860
15787	-36.870610	174.751860
15785	-36.864690	174.751860
15784	-36.861230	174.751860
15791	-36.885010	174.751920
15803	-36.873180	174.751920
33551	-36.861830	174.751980
41994	-36.874710	174.752090
15835	-36.868480	174.752130
15818	-36.884260	174.752180
15832	-36.872350	174.752180
15833	-36.872090	174.752240
33572	-36.869470	174.752240
33584	-36.875440	174.752270
15855	-36.883590	174.752390
33565	-36.869000	174.752390
15867	-36.871450	174.752440
15853	-36.865160	174.752440
15856	-36.883330	174.752450
15854	-36.866340	174.752450
15851	-36.860760	174.752450
15852	-36.874790	174.752500
15868	-36.868360	174.752590
15870	-36.863590	174.752590
33580	-36.882740	174.752650
15907	-36.870800	174.752650
15895	-36.878590	174.752710
15893	-36.867580	174.752710
15913	-36.863120	174.752710
15906	-36.859670	174.752710
15892	-36.874000	174.752760
15908	-36.870500	174.752760
15891	-36.862070	174.752770
41320	-36.870250	174.752820
15912	-36.860080	174.752970
15911	-36.857840	174.752970
15934	-36.876400	174.753030
41317	-36.870570	174.753060
15929	-36.861850	174.753080
15948	-36.860270	174.753110
15931	-36.874150	174.753140
41321	-36.869300	174.753170
15932	-36.865850	174.753170
15930	-36.863630	174.753230
15972	-36.873480	174.753340
15975	-36.876490	174.753400
15976	-36.875240	174.753400
15996	-36.860650	174.753400
15969	-36.858510	174.753400
33558	-36.865200	174.753490
15995	-36.859050	174.753490
15973	-36.872950	174.753550
15974	-36.867390	174.753610
33577	-36.878180	174.753660
15971	-36.864070	174.753660
15970	-36.858940	174.753660
16021	-36.886380	174.753720
16018	-36.874280	174.753720
16017	-36.872370	174.753720
16015	-36.864200	174.753780
16040	-36.861210	174.753810
16043	-36.867290	174.753900
33578	-36.877500	174.753920
16016	-36.872390	174.753920
16041	-36.861380	174.753920
16037	-36.859690	174.753920
16042	-36.866960	174.754010
16036	-36.851020	174.754010
16080	-36.866680	174.754130
16061	-36.864520	174.754130
16067	-36.884960	174.754190
16065	-36.876660	174.754190
33579	-36.879580	174.754240
16066	-36.884730	174.754250
33564	-36.871380	174.754250
40796	-36.857580	174.754250
16063	-36.864710	174.754300
16083	-36.861680	174.754300
16081	-36.860270	174.754300
33570	-36.870870	174.754390
16103	-36.866920	174.754390
33547	-36.860980	174.754390
16104	-36.878980	174.754450
16100	-36.856000	174.754500
33582	-36.875480	174.754510
16102	-36.869800	174.754560
33552	-36.863400	174.754560
37388	-36.859430	174.754560
16101	-36.856410	174.754560
33571	-36.869110	174.754590
16117	-36.862480	174.754590
37386	-36.860720	174.754590
41272	-36.886790	174.754620
16105	-36.878380	174.754650
16140	-36.858590	174.754710
40797	-36.857630	174.754730
33548	-36.864360	174.754800
16142	-36.858060	174.754820
41319	-36.864240	174.754830
16143	-36.858550	174.754880
16134	-36.876810	174.754910
16132	-36.870120	174.754910
16137	-36.884150	174.755030
43136	-36.867520	174.755030
43306	-36.852990	174.755030
16165	-36.888700	174.755090
43304	-36.851390	174.755090
16149	-36.876850	174.755140
33736	-36.870610	174.755140
33741	-36.869490	174.755140
16159	-36.864600	174.755230
16161	-36.875650	174.755290
16160	-36.872690	174.755290
16148	-36.865740	174.755290
16167	-36.859920	174.755310
16192	-36.864790	174.755410
33754	-36.879190	174.755490
16190	-36.869810	174.755490
16204	-36.858360	174.755490
16195	-36.887000	174.755550
16191	-36.874690	174.755610
16202	-36.867580	174.755610
37385	-36.858740	174.755670
16218	-36.877990	174.755930
16217	-36.871900	174.755930
16226	-36.862800	174.755980
33743	-36.877560	174.756040
16219	-36.885370	174.756070
16216	-36.868330	174.756070
16229	-36.858830	174.756070
39789	-36.857150	174.756100
16248	-36.868460	174.756130
43125	-36.856660	174.756160
16267	-36.853850	174.756160
16249	-36.872890	174.756190
16251	-36.882860	174.756250
43301	-36.852890	174.756280
33735	-36.864690	174.756310
16261	-36.858080	174.756310
39968	-36.857670	174.756310
16246	-36.863440	174.756360
41270	-36.884320	174.756390
16250	-36.868890	174.756390
41271	-36.884190	174.756420
16247	-36.871210	174.756420
16263	-36.850700	174.756420
16280	-36.882130	174.756450
33738	-36.867000	174.756560
39967	-36.857610	174.756560
16289	-36.856530	174.756570
16291	-36.862820	174.756620
38403	-36.862140	174.756650
16278	-36.858760	174.756650
39969	-36.857970	174.756710
43424	-36.853480	174.756740
16300	-36.869350	174.756770
33731	-36.866850	174.756770
16310	-36.862180	174.756820
33715	-36.857500	174.756830
33729	-36.872130	174.756970
33718	-36.861490	174.757000
16302	-36.878230	174.757030
16299	-36.869800	174.757090
16324	-36.870220	174.757150
16323	-36.870050	174.757150
16330	-36.866580	174.757150
16322	-36.865200	174.757180
16332	-36.857820	174.757200
41012	-36.877280	174.757230
33734	-36.864840	174.757230
16320	-36.856380	174.757260
16334	-36.862970	174.757350
993422	-36.853760	174.757400
33732	-36.867690	174.757410
16321	-36.859240	174.757470
33727	-36.874240	174.757520
993423	-36.853460	174.757520
33749	-36.880970	174.757550
33733	-36.868080	174.757550
16353	-36.862330	174.757550
993424	-36.853800	174.757550
16356	-36.882410	174.757610
16350	-36.864110	174.757610
993095	-36.857280	174.757610
16349	-36.856030	174.757640
33713	-36.855160	174.757670
16354	-36.856620	174.757690
33737	-36.868590	174.757730
16366	-36.857670	174.757730
16355	-36.866140	174.757780
16351	-36.863740	174.757780
16352	-36.861700	174.757780
16385	-36.880050	174.757870
16384	-36.875160	174.757900
16379	-36.853880	174.757930
16387	-36.877460	174.757990
16398	-36.863100	174.757990
16386	-36.881550	174.758040
16383	-36.879730	174.758040
16382	-36.861210	174.758040
16395	-36.858360	174.758040
993094	-36.856810	174.758100
33728	-36.874380	174.758130
43018	-36.854350	174.758130
16397	-36.851900	174.758190
33751	-36.878550	174.758220
33702	-36.853160	174.758220
16424	-36.858980	174.758310
16422	-36.854040	174.758340
16417	-36.881210	174.758360
33739	-36.869880	174.758360
41899	-36.869360	174.758420
16416	-36.873350	174.758450
16415	-36.867070	174.758450
33730	-36.865930	174.758450
16426	-36.851230	174.758450
41898	-36.869260	174.758480
16425	-36.859300	174.758480
16433	-36.887670	174.758570
43017	-36.854540	174.758590
33717	-36.863960	174.758620
16446	-36.863230	174.758620
16430	-36.865200	174.758630
16444	-36.855080	174.758660
33740	-36.865910	174.758680
16431	-36.864920	174.758710
16432	-36.877240	174.758740
16445	-36.856020	174.758770
16460	-36.862590	174.758830
33712	-36.860870	174.758830
16464	-36.879940	174.758890
16458	-36.864430	174.758890
16475	-36.856730	174.758890
16461	-36.871700	174.758940
16459	-36.857180	174.758940
16462	-36.867410	174.759000
33748	-36.881830	174.759030
16474	-36.858490	174.759030
16473	-36.857670	174.759030
16480	-36.870890	174.759210
16482	-36.866750	174.759210
16479	-36.862150	174.759210
16498	-36.863380	174.759260
16478	-36.859320	174.759290
16497	-36.849350	174.759290
16481	-36.870630	174.759320
16499	-36.859600	174.759320
16484	-36.875370	174.759350
16483	-36.867450	174.759350
38402	-36.862690	174.759350
41866	-36.870380	174.759410
16523	-36.865780	174.759520
16512	-36.861640	174.759520
16515	-36.870090	174.759530
16514	-36.865110	174.759580
33720	-36.862280	174.759610
16513	-36.873630	174.759700
16535	-36.861210	174.759730
33725	-36.871380	174.759790
16525	-36.863530	174.759790
33747	-36.881130	174.759840
33752	-36.878330	174.759840
16550	-36.851620	174.759850
42776	-36.866400	174.759960
16534	-36.859390	174.760050
43581	-36.857820	174.760050
16540	-36.877560	174.760110
16554	-36.863620	174.760110
16533	-36.860530	174.760110
43580	-36.857170	174.760170
16541	-36.880220	174.760190
33750	-36.879260	174.760190
16538	-36.872350	174.760190
16561	-36.869770	174.760280
16574	-36.865310	174.760280
16563	-36.869230	174.760370
16564	-36.866980	174.760420
42560	-36.865230	174.760430
16567	-36.887930	174.760480
16562	-36.870160	174.760480
16579	-36.863680	174.760480
16590	-36.860630	174.760570
43583	-36.855540	174.760600
16603	-36.865110	174.760620
16589	-36.859540	174.760660
16592	-36.868700	174.760680
43584	-36.855470	174.760710
42559	-36.865270	174.760720
33719	-36.862710	174.760770
42431	-36.864110	174.760860
41268	-36.886450	174.760910
16640	-36.852030	174.760910
16642	-36.863790	174.760950
33724	-36.856410	174.760950
41269	-36.886280	174.760980
16624	-36.870780	174.761000
16622	-36.856230	174.761000
16620	-36.860780	174.761010
16629	-36.884220	174.761060
16636	-36.863290	174.761060
16626	-36.865680	174.761090
16621	-36.858550	174.761090
33723	-36.856020	174.761090
16630	-36.885180	174.761150
42430	-36.864000	174.761180
16625	-36.868640	174.761210
16627	-36.866620	174.761210
43588	-36.855510	174.761260
16650	-36.877840	174.761270
16651	-36.878700	174.761320
43589	-36.854820	174.761330
16654	-36.882330	174.761410
16653	-36.879860	174.761410
16648	-36.869640	174.761410
42883	-36.860240	174.761410
16664	-36.857860	174.761410
43587	-36.855000	174.761440
16655	-36.881490	174.761470
16649	-36.876560	174.761470
16647	-36.867410	174.761470
16680	-36.883360	174.761590
16677	-36.866400	174.761590
16692	-36.861730	174.761640
16678	-36.875270	174.761700
16674	-36.867160	174.761700
16675	-36.866720	174.761760
33722	-36.863440	174.761790
16681	-36.882930	174.761850
16676	-36.869800	174.761850
16679	-36.880630	174.761900
16712	-36.881580	174.761990
16706	-36.872560	174.761990
16704	-36.861110	174.761990
16723	-36.856510	174.761990
16713	-36.882480	174.762110
16708	-36.874560	174.762160
16705	-36.874000	174.762160
16707	-36.872110	174.762160
16710	-36.870140	174.762170
33745	-36.878660	174.762220
16722	-36.857890	174.762220
16733	-36.860590	174.762280
43585	-36.855760	174.762310
33760	-36.885800	174.762390
16736	-36.875990	174.762430
16735	-36.868740	174.762430
16734	-36.860310	174.762430
43586	-36.855460	174.762460
16737	-36.874540	174.762480
33726	-36.867740	174.762540
16743	-36.855310	174.762540
16766	-36.864410	174.762630
37230	-36.861680	174.762690
16764	-36.854750	174.762750
41353	-36.875050	174.762830
41354	-36.875350	174.763000
16790	-36.856770	174.763010
42570	-36.867240	174.763150
16777	-36.875740	174.763210
16810	-36.861040	174.763330
33755	-36.876020	174.763380
16796	-36.871470	174.763380
16797	-36.871320	174.763410
16799	-36.885700	174.763470
16809	-36.864540	174.763530
16805	-36.858380	174.763530
16798	-36.881420	174.763590
16821	-36.867800	174.763700
33744	-36.882620	174.763730
33746	-36.879620	174.763870
16826	-36.887650	174.763960
16824	-36.868290	174.763970
16842	-36.854710	174.763970
16871	-36.855740	174.764080
16857	-36.885820	174.764110
33756	-36.880480	174.764110
16875	-36.855180	174.764170
16855	-36.868640	174.764230
38369	-36.874790	174.764260
16876	-36.857630	174.764280
16933	-36.873420	174.764310
16889	-36.869360	174.764340
16890	-36.881530	174.764600
16917	-36.857950	174.764690
16927	-36.857260	174.764690
16929	-36.862690	174.764750
16928	-36.857150	174.764810
16931	-36.855120	174.764920
16956	-36.855290	174.765010
33753	-36.883380	174.765070
33711	-36.858250	174.765070
16955	-36.863180	174.765120
33884	-36.861040	174.765180
16936	-36.857500	174.765270
39055	-36.888870	174.765350
16980	-36.872840	174.765700
16986	-36.856340	174.765700
16988	-36.861470	174.765850
17004	-36.881980	174.766340
17016	-36.859770	174.766340
33887	-36.871320	174.766370
37873	-36.859990	174.766490
17050	-36.871470	174.766860
17060	-36.879530	174.766950
17048	-36.863180	174.766980
17058	-36.860350	174.767010
33876	-36.858940	174.767180
17083	-36.852760	174.767330
17096	-36.886510	174.767540
17091	-36.872110	174.767650
17084	-36.857240	174.767760
17128	-36.860720	174.767850
17129	-36.859390	174.767910
17143	-36.871420	174.768430
17165	-36.871810	174.768460
40252	-36.858570	174.768670
17166	-36.872630	174.768750
17196	-36.860910	174.768810
17198	-36.854970	174.769220
17215	-36.855070	174.769330
41805	-36.868400	174.769620
17229	-36.855480	174.769650
17253	-36.856080	174.769800
17328	-36.854370	174.771020
17393	-36.870180	174.771970
43423	-36.853380	174.773020
17454	-36.852090	174.773360
43422	-36.852480	174.773770
33870	-36.850610	174.774030
33871	-36.852910	174.774520
17613	-36.850870	174.775250
